%% define colors
% with the help of: https://colorbrewer2.org/
orange = [
    253,206,162;
    250,179,113;
    245,154,65;
    240,125,0;
    203,108,0;
    165,89,0;
    128,69,0;
    ] / 255;
oranRed = [
    249,191,154;
    245,157,107;
    238,117,60;
    233,78,14;
    198,70,9;
    162,58,7;
    124,42,2;
    ] / 255;
blue = [
    164,196,234;
    105,170,224;
    22,146,210;
    0,122,195;
    1,104,170;
    2,85,139;
    0,65,107;
    ] / 255;
purple = [
    193,164,208;
    164,118,180;
    138,73,153;
    113,33,130;
    99,26,115;
    80,20,92;
    65,9,70;
    ] / 255;
GnBu = [
    240,249,232
    204,235,197
    168,221,181
    123,204,196
    67,162,202
    8,104,172] / 255;
Purples = [
    242,240,247
    218,218,235
    188,189,220
    158,154,200
    117,107,177
    84,39,143] / 255;
Oranges = [
    254,237,222
    253,208,162
    253,174,107
    253,141,60
    241,105,19
    217,72,1
    140,45,4] / 255;
Blues = [
    222,235,247
    198,219,239
    158,202,225
    107,174,214
    66,146,198
    33,113,181
    8,69,148] / 255;
Greens = [
    237,248,233
    199,233,192
    161,217,155
    116,196,118
    65,171,93
    35,139,69
    0,90,50] / 255;
YlGnBu = [
    255,255,204
    199,233,180
    127,205,187
    65,182,196
    44,127,184
    37,52,148] / 255;
YlOrBr = [
    255,255,212
    254,227,145
    254,196,79
    254,153,41
    217,95,14
    153,52,4] / 255;
YlOrRd = [
    255,255,212
    254,227,145
    254,196,79
    254,153,41
    236,112,20
    204,76,2
    140,45,4] / 255;
purple2 = interp1(64*(0:6),purple,6*(1:64),'spline');
green = [
    219,229,177;
    197,217,132;
    176,204,85;
    152,192,33;
    128,165,26;
    103,136,21;
    77,103,14;
    ] / 255;
green64 = interp1(64*(0:6),green,6*(1:64),'spline');
cm = [ ...
        [ 0.0000, 0.1262, 0.3015 ];
        [ 0.0000, 0.1292, 0.3077 ];
        [ 0.0000, 0.1321, 0.3142 ];
        [ 0.0000, 0.1350, 0.3205 ];
        [ 0.0000, 0.1379, 0.3269 ];
        [ 0.0000, 0.1408, 0.3334 ];
        [ 0.0000, 0.1437, 0.3400 ];
        [ 0.0000, 0.1465, 0.3467 ];
        [ 0.0000, 0.1492, 0.3537 ];
        [ 0.0000, 0.1519, 0.3606 ];
        [ 0.0000, 0.1546, 0.3676 ];
        [ 0.0000, 0.1574, 0.3746 ];
        [ 0.0000, 0.1601, 0.3817 ];
        [ 0.0000, 0.1629, 0.3888 ];
        [ 0.0000, 0.1657, 0.3960 ];
        [ 0.0000, 0.1685, 0.4031 ];
        [ 0.0000, 0.1714, 0.4102 ];
        [ 0.0000, 0.1743, 0.4172 ];
        [ 0.0000, 0.1773, 0.4241 ];
        [ 0.0000, 0.1798, 0.4307 ];
        [ 0.0000, 0.1817, 0.4347 ];
        [ 0.0000, 0.1834, 0.4363 ];
        [ 0.0000, 0.1852, 0.4368 ];
        [ 0.0000, 0.1872, 0.4368 ];
        [ 0.0000, 0.1901, 0.4365 ];
        [ 0.0000, 0.1930, 0.4361 ];
        [ 0.0000, 0.1958, 0.4356 ];
        [ 0.0000, 0.1987, 0.4349 ];
        [ 0.0000, 0.2015, 0.4343 ];
        [ 0.0000, 0.2044, 0.4336 ];
        [ 0.0000, 0.2073, 0.4329 ];
        [ 0.0055, 0.2101, 0.4322 ];
        [ 0.0236, 0.2130, 0.4314 ];
        [ 0.0416, 0.2158, 0.4308 ];
        [ 0.0576, 0.2187, 0.4301 ];
        [ 0.0710, 0.2215, 0.4293 ];
        [ 0.0827, 0.2244, 0.4287 ];
        [ 0.0932, 0.2272, 0.4280 ];
        [ 0.1030, 0.2300, 0.4274 ];
        [ 0.1120, 0.2329, 0.4268 ];
        [ 0.1204, 0.2357, 0.4262 ];
        [ 0.1283, 0.2385, 0.4256 ];
        [ 0.1359, 0.2414, 0.4251 ];
        [ 0.1431, 0.2442, 0.4245 ];
        [ 0.1500, 0.2470, 0.4241 ];
        [ 0.1566, 0.2498, 0.4236 ];
        [ 0.1630, 0.2526, 0.4232 ];
        [ 0.1692, 0.2555, 0.4228 ];
        [ 0.1752, 0.2583, 0.4224 ];
        [ 0.1811, 0.2611, 0.4220 ];
        [ 0.1868, 0.2639, 0.4217 ];
        [ 0.1923, 0.2667, 0.4214 ];
        [ 0.1977, 0.2695, 0.4212 ];
        [ 0.2030, 0.2723, 0.4209 ];
        [ 0.2082, 0.2751, 0.4207 ];
        [ 0.2133, 0.2780, 0.4205 ];
        [ 0.2183, 0.2808, 0.4204 ];
        [ 0.2232, 0.2836, 0.4203 ];
        [ 0.2281, 0.2864, 0.4202 ];
        [ 0.2328, 0.2892, 0.4201 ];
        [ 0.2375, 0.2920, 0.4200 ];
        [ 0.2421, 0.2948, 0.4200 ];
        [ 0.2466, 0.2976, 0.4200 ];
        [ 0.2511, 0.3004, 0.4201 ];
        [ 0.2556, 0.3032, 0.4201 ];
        [ 0.2599, 0.3060, 0.4202 ];
        [ 0.2643, 0.3088, 0.4203 ];
        [ 0.2686, 0.3116, 0.4205 ];
        [ 0.2728, 0.3144, 0.4206 ];
        [ 0.2770, 0.3172, 0.4208 ];
        [ 0.2811, 0.3200, 0.4210 ];
        [ 0.2853, 0.3228, 0.4212 ];
        [ 0.2894, 0.3256, 0.4215 ];
        [ 0.2934, 0.3284, 0.4218 ];
        [ 0.2974, 0.3312, 0.4221 ];
        [ 0.3014, 0.3340, 0.4224 ];
        [ 0.3054, 0.3368, 0.4227 ];
        [ 0.3093, 0.3396, 0.4231 ];
        [ 0.3132, 0.3424, 0.4236 ];
        [ 0.3170, 0.3453, 0.4240 ];
        [ 0.3209, 0.3481, 0.4244 ];
        [ 0.3247, 0.3509, 0.4249 ];
        [ 0.3285, 0.3537, 0.4254 ];
        [ 0.3323, 0.3565, 0.4259 ];
        [ 0.3361, 0.3593, 0.4264 ];
        [ 0.3398, 0.3622, 0.4270 ];
        [ 0.3435, 0.3650, 0.4276 ];
        [ 0.3472, 0.3678, 0.4282 ];
        [ 0.3509, 0.3706, 0.4288 ];
        [ 0.3546, 0.3734, 0.4294 ];
        [ 0.3582, 0.3763, 0.4302 ];
        [ 0.3619, 0.3791, 0.4308 ];
        [ 0.3655, 0.3819, 0.4316 ];
        [ 0.3691, 0.3848, 0.4322 ];
        [ 0.3727, 0.3876, 0.4331 ];
        [ 0.3763, 0.3904, 0.4338 ];
        [ 0.3798, 0.3933, 0.4346 ];
        [ 0.3834, 0.3961, 0.4355 ];
        [ 0.3869, 0.3990, 0.4364 ];
        [ 0.3905, 0.4018, 0.4372 ];
        [ 0.3940, 0.4047, 0.4381 ];
        [ 0.3975, 0.4075, 0.4390 ];
        [ 0.4010, 0.4104, 0.4400 ];
        [ 0.4045, 0.4132, 0.4409 ];
        [ 0.4080, 0.4161, 0.4419 ];
        [ 0.4114, 0.4189, 0.4430 ];
        [ 0.4149, 0.4218, 0.4440 ];
        [ 0.4183, 0.4247, 0.4450 ];
        [ 0.4218, 0.4275, 0.4462 ];
        [ 0.4252, 0.4304, 0.4473 ];
        [ 0.4286, 0.4333, 0.4485 ];
        [ 0.4320, 0.4362, 0.4496 ];
        [ 0.4354, 0.4390, 0.4508 ];
        [ 0.4388, 0.4419, 0.4521 ];
        [ 0.4422, 0.4448, 0.4534 ];
        [ 0.4456, 0.4477, 0.4547 ];
        [ 0.4489, 0.4506, 0.4561 ];
        [ 0.4523, 0.4535, 0.4575 ];
        [ 0.4556, 0.4564, 0.4589 ];
        [ 0.4589, 0.4593, 0.4604 ];
        [ 0.4622, 0.4622, 0.4620 ];
        [ 0.4656, 0.4651, 0.4635 ];
        [ 0.4689, 0.4680, 0.4650 ];
        [ 0.4722, 0.4709, 0.4665 ];
        [ 0.4756, 0.4738, 0.4679 ];
        [ 0.4790, 0.4767, 0.4691 ];
        [ 0.4825, 0.4797, 0.4701 ];
        [ 0.4861, 0.4826, 0.4707 ];
        [ 0.4897, 0.4856, 0.4714 ];
        [ 0.4934, 0.4886, 0.4719 ];
        [ 0.4971, 0.4915, 0.4723 ];
        [ 0.5008, 0.4945, 0.4727 ];
        [ 0.5045, 0.4975, 0.4730 ];
        [ 0.5083, 0.5005, 0.4732 ];
        [ 0.5121, 0.5035, 0.4734 ];
        [ 0.5158, 0.5065, 0.4736 ];
        [ 0.5196, 0.5095, 0.4737 ];
        [ 0.5234, 0.5125, 0.4738 ];
        [ 0.5272, 0.5155, 0.4739 ];
        [ 0.5310, 0.5186, 0.4739 ];
        [ 0.5349, 0.5216, 0.4738 ];
        [ 0.5387, 0.5246, 0.4739 ];
        [ 0.5425, 0.5277, 0.4738 ];
        [ 0.5464, 0.5307, 0.4736 ];
        [ 0.5502, 0.5338, 0.4735 ];
        [ 0.5541, 0.5368, 0.4733 ];
        [ 0.5579, 0.5399, 0.4732 ];
        [ 0.5618, 0.5430, 0.4729 ];
        [ 0.5657, 0.5461, 0.4727 ];
        [ 0.5696, 0.5491, 0.4723 ];
        [ 0.5735, 0.5522, 0.4720 ];
        [ 0.5774, 0.5553, 0.4717 ];
        [ 0.5813, 0.5584, 0.4714 ];
        [ 0.5852, 0.5615, 0.4709 ];
        [ 0.5892, 0.5646, 0.4705 ];
        [ 0.5931, 0.5678, 0.4701 ];
        [ 0.5970, 0.5709, 0.4696 ];
        [ 0.6010, 0.5740, 0.4691 ];
        [ 0.6050, 0.5772, 0.4685 ];
        [ 0.6089, 0.5803, 0.4680 ];
        [ 0.6129, 0.5835, 0.4673 ];
        [ 0.6168, 0.5866, 0.4668 ];
        [ 0.6208, 0.5898, 0.4662 ];
        [ 0.6248, 0.5929, 0.4655 ];
        [ 0.6288, 0.5961, 0.4649 ];
